-1.31056782789528369904e-01
7.66731913096058925738e-01
7.48290586392374446056e-01
7.41517926591010123616e-01
5.63363353389249033043e-02
7.51539246898672796959e-01
2.67153732290082268630e-01
-3.29564695816609631862e-01
-7.42534797736489893261e-01
-7.35361248093091224298e-01
2.80240680167880840123e-01
8.66059182197252974689e-01
8.01352854117001189849e-01
-6.14381566416746238701e-01
-8.79816254738133851632e-01
5.94290476719693039342e-01
-5.23197144312900097596e-01
8.86504384443599802168e-01
-4.88915935891719333206e-01
1.02835009274799871193e+00
9.46475841490604818951e-01
5.47188021236868271657e-01
-3.60121792202102164460e-01
-5.49571043978865581003e-01
1.03462337514510327452e+00
7.10840027718127820400e-01
-6.24446643852346050529e-02
-7.46926715442153277280e-01
-2.47455553196536948146e-01
2.24695766848257150183e-01
3.40524282277234024985e-01
8.87189978067325246691e-01
-5.76507530127081224691e-01
6.09883690576918047199e-01
5.67252001507848935269e-01
-5.58828025202333766863e-01
4.88765789590601129611e-01
1.16319106360145960166e-01
-9.12972706443927195519e-02
-5.16218759502234614267e-01
2.34662152002432372599e-01
2.89477353806377624146e-01
-3.23957739281416967625e-01
9.17284664785104397744e-01
8.74432563410676155780e-02
7.16516485596390417800e-02
4.24027845428707861331e-01
-8.19258266353183883801e-02
1.03627767478048166128e-01
2.88218627064815546834e-01
-3.75851530882729045757e-01
9.26954117620504058905e-01
-4.13168179515638722687e-01
-2.09094473142555803413e-01
-4.93171816551894792724e-01
-3.25152780187657253208e-01
4.97750384533196865711e-01
5.71285969962288087132e-01
8.29392756527610908179e-01
6.35705615667436774174e-01
8.77878879970796388577e-01
6.45290123765677958723e-01
7.74270598936361298392e-02
-5.31390515976276844867e-01
3.56629455069329526218e-01
-7.06092815900319636935e-02
2.47561763783584132259e-01
9.89485405618285351892e-01
1.16918189585554621601e+00
5.72644736900180362227e-01
1.19695503663727231825e+00
5.04283882563844043645e-01
-6.93260843768287782218e-01
7.37817424834105395348e-01
-4.72492871139737036223e-01
7.63866646507744717631e-01
-1.41352495667200206420e-01
1.18179990853575467291e+00
1.21126754470280162401e+00
4.91537125746920822156e-01
1.20177065458526377562e+00
-6.56055677241723644855e-03
1.25005771331860904283e+00
-6.95010587294784265566e-01
1.20657322373679298799e+00
6.48087707754636088708e-01
1.17706782325009240431e+00
6.40375111563557419814e-01
-6.73436365528225722166e-01
1.47380461683473185097e-01
8.60575999777863587248e-01
8.76452264930254409947e-01
-5.49258821420053111595e-01
6.13642858762039944409e-01
2.51566088726161707356e-02
-7.48561070433977349126e-02
-1.20937616215834264910e-01
2.28925077208965765951e-01
2.62457001388835875488e-01
1.39971076750843081982e-01
1.30330132499692441517e-01
-1.07599893231571930308e-01
1.09495850051549470372e+00
5.13073299521958681169e-01
-3.57753718426330191704e-02
-9.85672120495503234494e-02
4.15599498699654401612e-01
-2.98919672636864530713e-01
-3.21333182486216284435e-01
8.93934660603575403925e-01
1.28883590973622519371e+00
1.17130394822659789078e+00
6.35435666932421705511e-01
3.40307271563703550576e-01
1.17902797738210218803e+00
1.28140740004949960085e-01
-3.47005521243184678060e-01
7.82311482642544797628e-01
-3.17653478756036777853e-01
9.81177313543448947897e-01
-5.18644928531215243517e-01
4.16787336470119673670e-01
1.75270247668291745402e-01
1.13729637756454105002e+00
1.01658059666440303559e+00
1.36535296779681725177e+00
3.32626927349129464240e-01
-4.93689430819246211080e-01
8.64961392047852051235e-01
2.09993901836946217365e-02
-3.12022597548548719093e-01
1.16341889551732013963e+00
2.99586403900072739681e-01
4.72013178134207678216e-01
4.14161614262617439053e-01
-4.98852084246516891408e-01
4.76479341746301188198e-01
7.42495017896585007833e-01
1.16249233515199001943e+00
1.19913993663474283125e+00
-2.63065158344507776800e-01
-2.08627301270239651210e-01
1.03886317611452794196e+00
4.53665933485932315605e-01
8.06007395958517225409e-01
3.89829077783222011089e-01
4.19912168147516529082e-02
6.00537073714679570102e-01
3.50404236851143746634e-01
7.97655816817745555447e-01
-1.02013333527080529706e-01
1.12826507307059054064e+00
-7.10020174361314926337e-02
7.91477104850191626184e-01
-2.60315745079909621751e-01
-7.30495209165661352202e-02
1.00560380140983784969e+00
1.04560387775180396730e+00
-4.74522711694289056616e-01
8.99618175330488933916e-01
-1.73830268927392728173e-01
1.37780818600383803130e+00
7.96001148580599893201e-01
4.75231896297007794239e-01
1.43685160352983398724e-01
1.18898465182926815764e+00
3.02914120350783466762e-01
-3.10973563806492547812e-01
1.41693268008005546221e+00
1.33255814199578881407e-01
3.27497599766155000900e-01
2.83858185915048411019e-01
9.80245409633269670913e-01
-2.53391665208606342574e-01
5.14587360306244967489e-01
4.92565736528880804279e-01
6.03705012395429951866e-01
-7.29028110358610481612e-02
8.74977024317072582527e-01
7.38631699608829350723e-02
3.94353165103193181729e-01
1.05041650051335011540e+00
2.74608707510348604153e-01
1.44574397808085874928e+00
-1.22207554073452184795e-01
7.61891103699607219468e-01
-5.89978970143375525126e-02
6.22216019302033185312e-01
4.57563558004036585736e-01
5.49265513702035246268e-01
-3.40231438583255774155e-01
1.22926459882698635440e+00
4.24147557616161186012e-01
1.13668564358457757635e+00
-1.51509508776214163461e-01
-1.61863677731973631957e-01
1.02348944500632921262e+00
1.00937469593206374796e+00
2.83454740799554238961e-01
1.30106969152660401079e+00
1.61792585763906315854e+00
1.21684715117873243351e+00
-2.41923008309684606232e-02
7.42211431796870213518e-01
1.44103943581253934880e+00
1.07203979622890921419e+00
1.35553824139542644645e+00
1.62487501896017594305e+00
-1.94350485918835635957e-01
3.89586938911225977300e-01
1.25526006179124660633e+00
2.90011918160939963229e-01
-3.07169919079897435488e-01
1.42522856954232746141e+00
1.34905396341902528157e+00
4.49980469422667117563e-01
8.74374793531974781047e-01
1.96861358632691718640e-01
3.32099998296190968006e-01
-1.90166053658040179464e-01
4.16007906248977432639e-02
5.85656448372941951241e-01
1.49249269163679043615e+00
3.88811258649793378694e-01
-2.90228894620120803083e-01
1.35756717343675070708e+00
1.80500862137570217136e-01
1.80626306706087924603e-01
3.70375049065336137133e-01
6.20590232974227440366e-01
-1.22013336411290973516e-01
1.55492156501308209648e-01
9.23952985083695832458e-01
1.29029342007479819188e+00
1.33214469994335793501e+00
6.02107388372797203147e-01
6.73488843364717593154e-01
1.81012743051629509949e-01
4.43691320257180166209e-02
4.01457160051731043460e-01
1.30057006768260130514e+00
2.70379225085831675912e-01
7.81077915803127464933e-01
2.41443897387251693587e-01
1.58699962612688993957e+00
2.27250874157951976429e-01
9.96684752150561847905e-01
1.35244169456305218802e+00
1.12006740634113688415e+00
1.67520401030523835573e+00
1.42517561589919905529e+00
3.03370472921417722034e-01
2.37526981961857508452e-01
1.37908540539613744258e+00
4.94365375434538290023e-01
1.55427476412675957818e-01
1.01808902691708591526e+00
1.13394473317863253570e+00
7.65145692223558770984e-01
1.35655747696295048144e+00
1.65064410526527405310e+00
-6.78685990649086079429e-03
2.85296825784985053076e-01
1.76896186340041561280e+00
5.16709274131196938384e-01
1.77028420242793060879e+00
1.54033388229037138117e+00
1.54467889762237353679e+00
8.95908940353628446829e-01
1.62228629626708764633e+00
1.25731196327043992511e-01
1.69295301948146814652e+00
6.64307352569447617796e-01
1.85101380493938316718e-02
1.34743462854171158760e+00
1.15626792194415939363e+00
6.16407396943452479121e-02
1.29262632828613832636e-01
1.66438967591839093174e+00
1.46837670834739708603e+00
1.74022597185478344883e+00
1.71840585466582584928e+00
1.63881912138577900961e+00
8.38428823356777819242e-01
6.93017338115980319202e-01
1.53813461794528483217e-01
3.02698548689767532593e-01
1.43051169169085001798e-02
6.21007026253000193883e-01
2.76410171775598456634e-03
5.65575880104962513961e-01
1.04357637545588555206e+00
8.89050124015218545814e-01
7.88055483170646553504e-01
4.71518908060127750481e-01
1.27168108708189619982e+00
4.99335960107709420086e-01
4.39421863491890829501e-01
7.77146713307425018868e-01
-7.56322726695370928240e-02
1.67570749945734598363e+00
1.77975612789911541434e+00
1.53705127113977924047e+00
1.00755255427949985680e+00
9.07955688653212633632e-01
-7.53026800875252755318e-02
1.17349923872042638529e+00
1.82292827712055238720e+00
2.26621320012293625545e-01
1.10002875619151119224e+00
2.82392760478240356647e-01
1.94302172849572518665e-01
1.15998830481055303920e+00
9.18103365121440639918e-01
1.30400958473006811644e+00
9.65507940216104865172e-01
4.44169001252049389095e-01
1.40194002651927052128e+00
-1.08578350580783355994e-01
3.48295046953287834590e-01
2.70540077825488278762e-01
4.87527137711562863487e-01
7.34043927820658415051e-01
1.70571453438926257107e+00
2.49594252246743808499e-01
3.69885772695000669685e-01
-2.52208335682160278424e-02
1.33834530095772774594e+00
1.75876024629737903737e+00
9.05149244076270842463e-01
6.62433079082406672811e-01
1.65104117791539595217e+00
7.51279276255608863266e-01
7.27986002740488302720e-03
-7.40300344975461932506e-02
1.22053798496661114470e+00
8.03423238485175050805e-01
9.94881947114153231126e-01
1.54762660142336372360e+00
1.88873669105389607736e+00
3.82003644818162069186e-01
1.53709586059429081928e-01
3.36837893923760955950e-01
7.53156485514249851576e-01
8.68592325918664864837e-01
9.23231511916902891635e-01
3.78771310042037789856e-01
-3.20147880585097688311e-03
1.46152268107508898076e+00
4.68751746768599542037e-01
2.72581176814911119166e-01
4.82054407307287435813e-02
5.87317414199578169409e-01
1.57773939305397181698e+00
9.92572632448222358370e-01
4.50425104457812142122e-01
1.65732378406311786634e+00
2.57158475206588410522e-01
2.49155526522915948817e-01
7.96019208628042318487e-01
1.88954710417419846635e+00
2.93742644649220507880e-01
2.03414689152171312969e-01
6.23231260499052974744e-01
1.13955553454174673966e+00
8.80681294310256435054e-01
6.25134575881705067957e-02
8.79189190038044410258e-01
5.13006094885250951698e-01
5.39887532670818570679e-01
2.30790059954454229718e-01
1.75945910811368899651e+00
1.26235563709053266734e+00
5.48905614057383361981e-02
9.43091264417770025474e-01
4.58077830292832111070e-01
6.24494081669416667424e-01
1.66764429216112408660e+00
9.23563035233240903210e-01
9.54943532356698931984e-01
1.07225455559427707009e+00
8.49784824042157049817e-01
6.18413068452213443571e-01
8.10392388817150033375e-01
1.42550852599345967420e-01
1.51299187230702880669e+00
1.87346360013203994122e+00
5.58799191981242726612e-01
1.81874217623493072971e+00
1.88704776128807516500e+00
1.30998452479822469208e+00
9.09403874971688064299e-01
1.34530450320807992703e+00
1.79359055672052036812e+00
3.30978685800019101215e-01
6.54931766940066717453e-02
3.34621167547807463194e-01
2.38003425382432021173e-01
1.67253760011489394088e+00
1.02049985397152642719e+00
4.05243374727705552019e-01
1.68549283005156347315e+00
8.41005450312013347336e-01
6.35855893321153997633e-01
1.04480211997338345853e+00
4.90182298896567503199e-01
7.91292487580809833503e-01
1.31760874808891936816e+00
1.14993551962841289438e+00
1.59101593329985413483e-01
1.13729815119502708498e+00
1.67448509764231179275e+00
2.60272614789657574796e-01
1.97838831399154480017e+00
3.94872922812825821737e-01
9.59590756506906727985e-01
1.62318663698184817434e+00
1.89332593360935530491e+00
5.23633097577779982323e-01
1.09138396243910440475e+00
9.99744914593257760771e-01
3.23361514505940084163e-01
1.76166014764633671597e+00
9.01559063300178098466e-01
3.21081161246599133818e-02
1.54511945164930608598e+00
4.86478441714820464270e-02
2.34585820010925205636e-02
1.29943081374586277832e+00
7.09997033477616223962e-01
1.66639126471664011930e+00
5.11083391215522042650e-01
4.33852284143265265470e-01
2.31635390006392216655e-01
1.05189621917395892403e-01
8.11540663832748476736e-01
1.83924849555498015619e+00
1.56567865638799808004e+00
4.19466110380028345261e-01
5.77401622801434699639e-01
1.67251276062928466715e+00
9.24563145131219066286e-01
1.38442652218204331760e+00
1.03435994301675382445e+00
9.96482832006924446056e-01
1.07891357917555241741e+00
1.09654673477156405781e+00
1.76250627355099709348e+00
1.94504056183011497794e+00
1.74036175355984790158e+00
8.82790580401535240895e-01
2.15632197948993242775e-01
6.37957226829157786341e-01
5.48431586846290786141e-02
9.46719474185969023239e-01
1.88540985598737309559e+00
1.02419482830958719077e+00
1.38215705501410934808e+00
1.69021032505883317398e+00
5.99398100157129576360e-01
8.44328094280646923586e-01
5.09985204474241671235e-01
1.35645626424325760340e+00
1.69786191725699975308e-01
6.26806096173822879791e-01
1.56546312961128242236e+00
6.57307638642174452137e-01
1.45110705184301846948e+00
4.14145614027367714449e-01
1.65856007986222486750e+00
4.22095181301519684069e-01
1.91829465963441703202e+00
6.46401494816414068367e-01
5.08306696783247580207e-01
1.24733481791686573459e+00
1.72757513983170962746e+00
7.21383422957287856470e-01
9.62873138849447141041e-02
1.75012356649186751056e+00
9.16689251723875830891e-01
8.52652465098959089218e-01
1.77170311076650821569e-01
3.58237800276710927072e-01
1.32178185828246741451e+00
5.69254971690290156872e-01
1.51434614638550701926e+00
5.98283145690079454226e-01
1.66098086708818737378e+00
1.68777648137289459918e-01
6.52876105296772424325e-01
5.01997548123483516846e-01
1.96632293174780747869e+00
5.19104430830534702146e-01
1.44753351214709335970e+00
5.28658172118901314995e-01
1.15802920578831347598e+00
3.61957819411120595987e-02
1.25344641711549842356e+00
1.07304833091284335111e+00
1.22508314043362132040e+00
9.17049267900443498824e-01
1.28631218348285791819e+00
1.48415405242103060068e-01
2.90028020098624383927e-01
1.53019914140263213476e+00
1.15992409276931063289e+00
1.98972940417182342365e+00
6.19336407535719279949e-01
1.67285129765988216377e+00
1.69176047762270220787e+00
1.56847678991028605111e+00
6.55663779825169767967e-01
1.72943298033002346159e+00
6.65351032451974133686e-01
2.09882644833302989262e-01
7.80854756334392496875e-01
1.94165254863118397211e+00
7.20430749005893100723e-01
1.52523628789556786600e+00
7.79113638236601513398e-01
1.07507500637508912611e-01
8.38239156167351451288e-01
1.39228623763207548514e-01
9.01598471307323290347e-02
2.63930357544950866533e-01
1.14445158671197044775e+00
4.26202874742099835359e-02
1.54794981114425489466e+00
1.01326642636586172763e+00
4.23791607464775954561e-01
8.20443788967978870907e-01
1.20197840974515357537e+00
1.09717313227410651066e+00
1.41170044057348476052e+00
1.54593136561665267514e+00
2.20796045682084551842e-02
1.46937526772735438385e+00
2.51262844212057911975e-02
3.59695675381104584822e-01
3.37180146184353324301e-01
7.77364401329517451522e-01
1.49729786112593354908e-01
1.95752970753552713035e+00
6.94598862126585281374e-01
8.91748127045833283155e-01
9.18972653545666484654e-01
1.69346578289318516752e+00
8.17042709304527159375e-01
3.10050075236808941881e-01
9.47794453473468356819e-01
1.30963743946544486363e+00
2.42139936004089562083e-01
8.66974013698217027546e-01
4.91725112341892089951e-01
1.72877951381206762527e+00
1.65293547606485091706e+00
5.34757019305853842361e-01
4.95811627245885899740e-01
1.63363049871899668197e+00
1.72006790254714392319e+00
3.46512189555974181587e-02
1.41127576078524108460e+00
8.57116016536270231008e-01
1.52567702173605157512e-01
6.96807673276869099510e-02
4.68819888236068460508e-01
1.05375979967289179484e+00
1.81159240897022000283e+00
2.17241147691311198287e-01
1.53013439710374088421e+00
6.66289309978853938610e-01
1.13777799413109281801e+00
1.64570917641605651838e+00
1.38539649568118328204e+00
1.23073811020463308452e+00
6.28691564960800697293e-01
2.22849364941584582311e-01
1.36878497373027396833e+00
2.04897699860212667566e-01
8.97388709782159121886e-01
1.69000559988891363439e+00
1.49386143107666446994e+00
1.04658342733427223159e-01
1.26719986887642477313e+00
3.06725143775632425047e-01
1.53748267564317231404e+00
1.35933880565130871254e+00
1.36238209186283554253e+00
5.40430295617972844546e-01
4.63252603735714196809e-01
1.40092991374735120758e+00
6.05374194736613358003e-01
1.44696943960207380364e-01
4.27551186400776606078e-01
3.98162639912051918856e-01
1.10205638332692013037e+00
1.26719354271897799435e+00
1.50763758818990156740e+00
1.78635455772168660893e-01
5.92124186294783028117e-01
1.10985018390979384151e+00
1.21736561469005377667e+00
1.42957502944549852408e+00
7.40866278060878902245e-01
1.56143338575339907237e-01
1.32998788485158003780e+00
1.79877334037262803790e+00
-9.97126725540377067958e-02
1.00253748719528479327e+00
1.72122796206342876246e+00
2.73688792530892621713e-01
1.01323661041763601887e+00
8.92421952512705507488e-01
7.24661619695018521803e-01
1.07156230790684570131e+00
3.26437077844546785776e-01
5.34422192467331025334e-01
1.50629762418816204317e+00
-1.30590884275454177654e-01
8.13523961348016300121e-01
1.01090737572618571960e+00
1.45314992479663285252e+00
-1.09420821493228848098e-01
7.39438977027993660229e-01
1.28876583673588629431e+00
1.36293640025698525875e+00
-2.15396057300779597554e-02
1.71499127479789170714e+00
-8.15774044414890875387e-02
5.03802464427934970637e-01
9.67653746215924259744e-01
1.74030761906063391464e+00
9.92821177090372097851e-01
1.24795445985125197375e+00
-6.51112423362492087620e-02
2.88959286560166228597e-01
1.78846553367332283813e+00
4.19199611866205357202e-01
9.33435340984079653381e-01
1.38796358287347931793e+00
6.46562451576546126653e-01
1.16295033258469260318e+00
1.05771405137358609494e+00
8.70605716503235815829e-01
8.72956419542690209568e-01
1.30336876407757440433e+00
8.68508797234710194779e-01
6.46957406086067332573e-01
1.73111654649630941627e+00
1.40646339407195375415e+00
2.43931569128653102929e-01
-1.48063126813212320165e-01
2.35985960133481498247e-01
1.36496926230388782031e-01
1.08966220335209729164e+00
4.03039175916135250510e-01
1.02416648012076505481e+00
7.69475433829607258218e-02
3.25606973635986784998e-02
3.95083086382623016597e-01
8.38102039651211661031e-01
5.36639418944117374544e-01
-1.69175491352132834066e-01
1.81950284180558807812e-01
1.51093428813232777408e+00
5.96437388839201054758e-01
1.24715658379698202118e+00
1.60625183131990234564e+00
1.75255547404511213827e+00
1.07436284120228431327e-01
1.59077498195121691538e+00
1.49501922644527462936e+00
4.80396326404378681829e-01
1.14104578832449732317e+00
9.54629120362481153883e-01
1.29336653104222198962e+00
-2.16265922076124827989e-01
1.67289550969599365438e+00
2.28009009580993682320e-01
8.67761604112816442580e-01
1.58509231627702851242e+00
-4.90646311326115025508e-02
2.08620026453521734133e-01
-1.15100357566071842541e-01
8.44980392367397747933e-01
-1.79829369975014974337e-01
6.96981245652370628996e-01
1.41374446853563884297e+00
6.69198793092109167624e-01
-2.62263233501645043333e-01
-6.99309236314960003256e-03
6.17722191281151356002e-01
-1.91782807355669993044e-01
5.32039480689246224721e-01
1.25014829724013232237e+00
1.17078070702619130294e+00
-1.14883760927233402604e-01
1.66107812499572338183e+00
-4.06613171944257834056e-02
4.94321220750298384594e-01
-2.87328911714717749604e-01
-1.56261124624890945789e-01
-1.94706161091879548231e-01
7.88270215511788885365e-01
-2.58788173726677950270e-01
3.02700273743239045565e-01
-3.10323990858386467018e-01
1.35676974767197355831e+00
1.49230532655997172320e+00
-2.35878194512488037482e-01
9.96804759764065240191e-01
1.11722864144796973918e+00
1.31812472703554295350e+00
1.58955067862036747428e+00
8.82279201742237062511e-01
-5.02641034524055063670e-02
6.24100415121934259943e-02
8.78788615565622599490e-01
1.62947276452750555720e+00
-6.24879501824116001529e-02
1.12099549291117428496e+00
1.47946087655642455339e+00
5.81470084206832660279e-01
-3.02498487566209117716e-01
1.03762273282305050870e+00
2.43295049361161308532e-01
5.41639484259299086588e-01
1.83474375061556838062e-01
1.50912678658788279584e+00
-2.33871012711065584533e-01
5.20982104733176965006e-01
1.02385653844991653116e+00
8.55227036425698305955e-01
5.88632407535540691512e-01
7.84902359538975691322e-01
-2.94198232463450781715e-01
7.92392674516814055075e-01
3.19371018114608107297e-01
8.39098677554606542373e-01
1.28014974113807111777e+00
7.06742351285353676005e-01
1.02526587422363424373e-01
1.23124789022622738166e+00
4.08166724141491354949e-01
5.45647112636447939593e-01
-4.07890278788695659351e-01
1.16705982003774688671e-01
1.00813904518345553996e+00
-2.32666868438873852831e-01
-3.32336707655135121797e-01
-2.67166948366625467415e-01
-2.00034415159721423727e-01
7.88363603099632825888e-01
1.41981066659132393326e+00
1.27935094978899988050e+00
-3.52687503013281222763e-01
4.38016585174253458845e-01
3.42729450950171043999e-01
-1.24904133259753247209e-01
1.29423387674359657851e+00
6.92514190817593910943e-01
5.27120254824530953819e-01
9.25840507820999136790e-01
9.49911789625542679616e-02
8.08700079246559067059e-01
6.12599737153321832750e-01
-3.35530156564872172886e-01
7.01679406465862243181e-01
5.04588290094854952095e-01
5.53444688192486045075e-01
7.25870296373914980492e-01
-1.64508407117151755905e-01
-1.71694479466291904934e-01
-2.39795303280725846662e-01
1.97149265615249813521e-01
-2.04241249043416395192e-01
1.37680033202324869634e+00
7.39520328598385456864e-01
2.15114104269363226596e-01
-4.60291816225185723699e-01
-4.63465541471957953590e-02
2.20272886948680912678e-01
-1.08139497009431151398e-01
5.52787333752210230386e-01
1.04210351732930961433e+00
-3.30144682053618465645e-01
8.09843922599820964514e-01
4.89353183654970991245e-01
-2.15003375850319922158e-01
1.11041795303433499242e+00
1.11541692012186843819e+00
-4.27199206941582365626e-01
-8.97397263860397198521e-02
6.37325380141793962352e-01
1.42112224328250391636e+00
2.25363143572454849295e-01
-1.79046627420329507174e-02
1.34869399801719280774e+00
1.93428562468852371925e-01
1.31639495121196703487e+00
5.37152765120416431088e-01
7.66563877055999709498e-01
-2.09949839689424433420e-01
1.14538282765631360682e+00
5.96803404489015032475e-01
-3.63077265792765668806e-01
1.26131749192651709812e+00
-8.58395273037926287429e-02
7.28773063449695279736e-01
-4.37454625208337999354e-01
-3.47012338968475941847e-02
8.17544201676501103293e-01
9.22613482626408520915e-01
2.98086289690458361434e-01
1.00046550527335043057e+00
1.32687023365194500801e-01
-4.17689247944694919124e-01
-4.91109024894210322021e-01
1.58755145554313081835e-01
1.32154843910904995496e+00
7.96417248924752518846e-01
-5.87220353099135117247e-01
7.36751031398077182999e-01
8.48422654855364166693e-01
-2.17645917568902169670e-01
-2.45348302671307638700e-01
-4.82287317004229554307e-01
6.99831020905940515142e-01
-4.71225274081917722135e-01
8.83353503958265728890e-02
1.29491875124426480959e+00
8.86487266623379177588e-02
2.12721000774016510970e-01
-2.64526619961780451451e-01
6.40131656636053314458e-01
-3.33565113179639438634e-01
-4.18456166606939738983e-02
1.01811529691463953373e-01
4.19196139016256297261e-02
-3.03678299067565382607e-01
5.99200287395894815035e-01
3.88040252807045127348e-01
-1.37040781315170057120e-01
5.96650697697365228755e-01
-1.16444828412771039794e-01
5.86852579190197287673e-01
1.25006672991811540463e+00
7.73274002640781388251e-02
-3.60461917068758019855e-01
-5.77407439273580402883e-01
-2.33462534098710816632e-01
1.53627069102799995726e-01
-1.17028840840469772200e-01
5.14412975696836971551e-01
-4.55760078361057696661e-02
-2.53252131845471128990e-01
3.80318956081252546042e-01
1.05601806973843270754e+00
7.55679560159232210914e-01
-6.69479280427843659318e-01
1.17866087280559583839e+00
1.56827592058067843972e-01
7.50265773197303365016e-01
7.47454702569348095054e-01
9.79299273414787063707e-01
-4.20805368461337425678e-01
-6.45746737702609929777e-01
6.92281388678909426204e-01
8.00280593643821869243e-01
-2.67093134304697943371e-01
8.44994301634230504661e-01
5.15559052967388908861e-01
-3.18964016823678475632e-01
1.01609965620807729536e+00
-4.74854426318616240632e-01
-4.36091318242630698876e-01
7.98569497007987072479e-01
1.65475813223189188728e-01
9.49223747175919285723e-01
-1.60039799906917912242e-01
-3.46535797166705794581e-01
-1.06559715721862624527e-01
-3.85043392723974697844e-01
-4.42126659381171405183e-01
3.73900316246000508080e-01
-6.28963369788986703668e-01
-3.64639353356272899465e-01
2.50094308357249883734e-02
1.03130320982528544960e+00
9.61893443847572915395e-02
-1.36595277961279626400e-01
-5.65172692826769296204e-01
1.94311936780635741151e-01
-1.26399501769870248324e-01
-4.52654531535795906505e-02
5.87325827542609868459e-01
2.22882695078489373453e-01
-2.17605440090131996289e-02
-7.58675481687627661920e-01
1.08098424077710697500e-01
9.61428204972130773243e-01
-5.39330021322878216949e-01
-4.13396404903447090007e-01
8.72695922324688400096e-01
-1.64281083753947676485e-01
-7.78839637226845127316e-01
-2.88421446477281295806e-01
8.72642107767822139408e-01
-7.90099763391486131781e-01
-1.29310830684560285064e-01
4.57668995605394549053e-02
3.81402405664760801862e-01
5.43856017248589451718e-01
-5.70541077331795820626e-01
-3.70796427733611599908e-01
6.81068110041046725911e-01
4.27418589822198380368e-01
9.28671062909464217761e-01
6.97866361665037460149e-01
-2.82218088699869695812e-01
2.94354818197852086126e-01
-3.66756291698786873745e-01
-4.21571592057532973374e-01
-5.45815948652405569241e-02
5.40899210576240574433e-01
-3.25370606010286778087e-01
9.57281218049843701801e-02
-6.59885684599380906157e-01
-8.19676676765083017662e-02
4.22249022976707855115e-01
9.53780363672434017275e-01
-2.73439760810257448398e-01
-9.20056606143985655777e-01
2.44817470412173471273e-01
6.04184385111964927795e-01
9.76238720689091565852e-01
3.17310971254945728415e-02
-1.02519687095061629023e+00
5.98743802791032231347e-01
1.90249509658267118573e-01
4.92454467576746934832e-01
-7.59108676802092707803e-01
6.03256085093480165504e-01
-7.57940075908161425833e-02
-1.41573505977868330241e-02
4.36926322768937891450e-01
5.27020818355532161270e-01
-6.46888486387026784286e-01
9.04106594236514959917e-01
-4.47244284203113184883e-01
1.57655214444952229691e-01
-2.73117649667475648201e-01
4.96637122722958013199e-01
2.82126589739440936100e-01
-9.92902701873267456989e-01
8.59649089940997646053e-01
5.00860812653022624552e-01
8.34658448205084085858e-02
4.81420185446135462382e-01
-6.12326662321136971912e-01
4.94710447684291509951e-01
7.08523844044737893810e-01
-1.15903318642348207579e-01
5.96959750245392273271e-01
-2.56242007877502842028e-01
-1.06018703750259546403e+00
-1.10095238833880793017e+00
-9.38539220568773036035e-01
-2.64622031352349573741e-01
-4.83637262957871849611e-01
2.23170561599494193805e-01
4.88582021469635363609e-01
-1.05518667219221362608e+00
-1.23345989892572061031e-02
1.89510704318610223584e-01
-9.30324696447593635362e-01
8.23526209156096866693e-01
7.63387602907278917108e-01
2.36487250144792993112e-01
-1.09919544078237452212e+00
4.79912547107675668823e-01
-3.48552786763378419366e-01
7.81572042358876117873e-01
-1.06146823868400796975e+00
-4.62205497348100013966e-01
-3.37283831939954314993e-01
-1.17168436917135965203e+00
-8.30177106236849260412e-01
-6.72370521659888198407e-01
-3.20863661357522367279e-01
1.76429185534687449355e-01
-1.68666581734392057035e-01
6.29530777616176928646e-01
-8.30201561743570071172e-01
-8.15483627652416442899e-01
7.33986136736387906332e-01
6.61159689590603227849e-01
1.26349372041225566088e-01
-7.23694593504922989435e-02
5.75213599598124902812e-01
-7.04451946638952275492e-01
-1.30518551469180288382e-01
-9.11514343894479495134e-01
4.68092999594296677035e-01
2.36907429084788567764e-01
-1.13286022180152512462e+00
-1.05413573170191399164e+00
-2.96029311570539854781e-01
-9.35742200989327699290e-01
1.54504573620176777204e-01
5.19537073370076818435e-01
-5.28106685074778869904e-01
-1.08150753522729869971e+00
-2.81593029328102040232e-01
-3.68142297033465903944e-01
-3.36329527510756565167e-01
-8.81219105822771853198e-01
1.00346618099161843940e-01
-4.99056704055617139648e-01
-8.10865045613742285724e-01
-1.01403826078431857916e+00
-1.32267323743297582350e-01
-8.93639091026538268103e-01
-5.92397912019568262387e-01
-6.22803274424931108122e-01
4.62193293066978982964e-01
-8.18875468236226033980e-01
2.36297182033123276401e-01
-1.16336380615120837945e+00
6.39528877214224578118e-01
-9.15915804959658519380e-01
-3.20521486433601232591e-01
-5.64571122623433008236e-01
-6.91851813297086337684e-01
-9.08285588759232709322e-01
-1.06601512010526855434e+00
1.04405206604371747492e-01
-7.59599676368109877345e-01
-1.18537723511166293022e+00
-1.38106021869209116826e-01
-4.17390187780069921164e-01
-1.04304815874367418083e+00
-1.25541289148972312617e+00
-7.29254993984125965412e-01
-1.21286278840365957521e+00
-1.21870259576244643895e-01
-2.20240408853206337536e-01
-8.23893766209075728568e-01
-6.90918224216842125074e-02
-4.91300163214586749216e-01
-8.53101228758956331433e-01
-1.31782426254334184001e+00
-8.64259294284922541252e-02
-4.33727246286317646984e-01
5.43321788605889643975e-01
1.42985840269718056383e-01
-3.93539826187342178798e-01
-3.13720344740224255098e-02
-1.06527014615948545373e-01
-1.28544374457451771043e+00
3.25090356386019907475e-01
-1.67255478763823295374e-01
-5.84972520944780471908e-01
3.14082871512562644689e-01
-8.18927978170097325972e-01
-1.37047786109819225153e+00
3.11379610717187949032e-01
-7.11922694270902711722e-01
-8.10838892635255437114e-01
1.97550747563174922128e-02
5.17289171826423643807e-01
-1.34721575855077002615e+00
-1.05265714786386888058e+00
2.94669207625841478304e-01
-4.50594124602760215392e-01
3.83818517522865720881e-01
-1.27984666769753685500e+00
-1.65634935883894218733e-01
-3.01989731086709012331e-01
-8.01451600635712191334e-01
1.96354696256622718309e-01
-8.13351506568569693201e-01
-3.28891264458991416930e-03
-1.10910717972435057810e+00
-1.39762742253684679739e+00
-2.50778684279597374740e-01
-3.87733770083587447886e-01
-2.18086243125527157183e-01
-7.45328047755631550864e-01
-9.61043104773286915865e-01
-1.03004733816071247787e+00
-6.93368140750497352620e-01
-1.45204147338787548094e+00
4.26753643189404896496e-01
3.32620108871901742909e-01
-4.87204714516513703870e-02
-4.98425941815942019630e-01
-7.55741729398501038695e-01
-5.81191289358337304094e-01
-1.46855086023151448771e+00
-7.82569708370175476375e-02
-1.16675494118827738355e+00
-8.87062928045701637458e-01
-1.45185874158556038616e+00
-8.07896297580945832451e-01
-6.51248053371558777158e-01
-5.84906968798772908258e-01
-1.33631516093408708734e+00
-1.40051981508552625399e+00
2.19145757406110530674e-01
-1.42689767665084854542e+00
-1.24968873481934306113e-03
-1.31569498170408683002e+00
-1.41740929975713525479e+00
3.25475362643914967187e-01
-4.13479422207348235041e-01
-6.69296014464631494612e-01
-1.97087533346116616784e-01
-1.34696047385546457953e+00
-6.69970187380087178752e-01
-5.72522853650079710519e-01
-5.98003421683906188910e-01
-6.57884142075929490012e-01
1.91192876610232320722e-01
2.15266812103014792967e-01
-4.09240901572200832526e-01
-1.21230868940014446800e+00
-1.40810043525965200573e+00
-4.65748343596357639029e-01
-1.08320961299897722263e+00
-1.62542362816538599191e+00
-8.39461954842529056720e-01
-3.54157466688460376147e-01
-3.22964955310725998494e-01
-4.42731628955972844608e-01
-4.04638435812978092265e-01
-1.44895339268652989517e+00
-1.63300416798439207433e-01
-1.00954307042256519189e+00
-1.50560358993584220144e-01
-8.49417216898145643889e-01
-4.48669548032143317151e-01
-1.09312313828242313463e+00
-2.58829025553791614023e-01
-1.51014334817104600717e+00
-2.24310717818685168012e-01
-1.05429582988931702658e+00
-7.69550476058703525339e-02
-3.18480602750014440971e-01
-7.28068918095272410440e-01
-1.46049653508212085029e+00
-1.26900927494686577290e+00
-1.57640493736889908405e+00
-1.67763215071382099097e+00
-5.69674686943336561207e-01
-1.06184785743223875087e-01
-9.72667580912853768638e-02
-1.10571551016562752423e+00
-7.12226482675797134547e-01
-2.22489633820399546060e-01
-1.42591759981029886362e+00
-2.07120407713867527022e-01
2.85309550399785782915e-01
-1.30634612809199412986e-01
-1.20941227592349243025e+00
1.36629493542481106338e-01
-4.80066244723825863439e-01
-3.41707848284212412082e-01
-1.06844622754800999687e+00
1.56013954602770898994e-01
-1.63230169704236871553e+00
-1.42380928646238169577e+00
9.94342754177705012708e-02
9.80829288028608470285e-02
-1.70109501735040202774e+00
-1.51522439063878922028e+00
1.29918870620726156773e-01
-1.34073955807579814348e+00
-7.13947143718534515955e-01
-2.97795924752815022174e-02
-3.55230584611129107664e-01
-5.39612375589346715543e-02
-6.35048419182678625106e-01
-1.74499576634081399185e+00
-7.86918335832969328969e-01
-6.69589529389905013801e-01
-4.56550674693534497273e-01
-1.27222018984615470316e+00
-1.49993823549000859785e+00
-1.04000762258443790742e-01
5.10615430774351564125e-02
-3.12471287598834246424e-01
-1.48652148105515813370e+00
-1.16931529390937782864e+00
-1.62346442587623807086e+00
-9.35378311227408221207e-01
4.69344297859703996068e-02
-5.95445108417446467008e-01
-9.21401592975391592333e-01
-1.18226394391091460534e+00
-1.74397272378628098721e+00
-5.84212227623581381586e-01
-1.94026324219200407839e-01
-1.28979630446155635326e+00
-2.41075029850113753405e-01
-1.28326850305165907074e+00
-9.45659404124489233467e-01
-1.69766067074616455734e+00
5.87692466422207182575e-03
-1.80882948195670056890e+00
-1.63456811020415626601e+00
-1.45430991014957444740e+00
-1.59322534426327511170e+00
-1.51289311332908571472e+00
-6.76595063220992276598e-01
-3.16774875699444291577e-01
-1.19428193742141308675e-01
-9.15523670801381417306e-02
-8.26431009559247420349e-01
-1.17280828641086132258e-01
-9.83316812932050976492e-01
-8.38659516454535958196e-01
-1.75912160462790145843e+00
-1.64169816671835055999e+00
-1.80780653105568411831e+00
-3.04494173462746320347e-01
-1.43179146243475319267e+00
1.44265449055893557606e-01
-1.47420564802159503870e+00
-4.28455418949549637908e-01
8.57457346700642997206e-02
-3.70548452630573454947e-01
-1.25064519489712688838e+00
-2.91802427201282132962e-01
-2.68361647190788477069e-01
-1.06056285490896495816e+00
-7.57970360580168422970e-01
-7.35427635959574610425e-02
-1.57871467314688551653e+00
-2.43278774882353054920e-01
-1.65358977227094694484e+00
-9.64371429184482931163e-01
3.67689672656857924338e-02
-8.00767383830736756423e-01
-2.88546618138098787121e-01
8.80197788271164238694e-03
-1.58904082030102467016e+00
-9.35154064563837650326e-01
-1.39607155661046622441e+00
-1.56125232958785509219e+00
-4.26317991180604316526e-01
-6.87509104496275558205e-01
-1.82422975373206197602e+00
-7.44688383066262282739e-01
-8.92935965360760142140e-01
-1.40081140547262439355e+00
-1.55695240510444810056e+00
-1.49273886562015523083e+00
-8.01206424470878753041e-01
-1.73106116836330437003e+00
-9.82758991811515048020e-01
-4.09168054521354185304e-01
-1.02899869506044439049e+00
-1.80207522142616438643e+00
-1.30782886178703861013e+00
7.74029362397058440237e-02
-1.51186858339537266716e+00
-4.93367022097049967577e-01
-2.05805635654381369193e-02
-1.86148690041316333676e+00
-3.29367291288466645938e-01
3.38073368058537937486e-02
-8.10839164391448319336e-01
-1.90489401303225447393e+00
-1.05342503993157965425e+00
-2.87463873445529483064e-01
-1.06593006047879956810e+00
-9.58034222553020509139e-01
-4.43641375576231400402e-02
4.28966909116723638107e-02
-1.86122714736463379381e+00
-1.62847079052053755888e-01
-2.17004245442744214678e-01
-6.57497108202354740847e-01
-3.72255473731564534567e-01
-1.63627210748736762191e-01
-1.12868347485400355446e+00
-8.98377710963888631568e-01
-1.47882325544014747720e+00
-2.25416958380712073584e-01
-3.12273125498225501140e-01
-7.94026807143566326630e-03
-7.28381282843789112924e-01
-5.14770421493216945308e-01
-1.01881612069223859152e-01
-8.93083691645909394374e-01
-3.60476086337178092123e-02
-1.46296696186514973981e+00
-3.87271095008184129682e-01
-6.62891210521949103551e-01
-9.21040230715899355118e-01
-7.54132822545383607604e-03
-1.41613256088868033622e+00
-9.41892928008537633211e-01
-5.29495749928918013616e-01
-5.71878841191785669551e-01
-1.39624763562373477299e+00
-1.62968146265455038346e+00
-1.17635093239704935364e+00
-1.28938908919183958801e+00
-1.10251495065662696859e+00
-1.45076316058862841984e-01
-3.28491673323117794325e-01
-1.50927471478294972229e+00
-1.22307084519731179562e+00
-7.81937806379661148881e-02
-1.56368455309069154247e+00
-8.48356148861883596624e-01
-1.32627274288667251767e+00
-1.04460298406404294980e+00
-1.22431366341242187090e-01
-1.40437798936131108540e+00
-8.70765074431929186893e-01
-1.44144201232397639600e+00
-6.04862826216772564436e-01
-6.17687095504608429941e-01
-7.80235519222436391118e-02
-1.97068015681125263683e+00
-3.09399471938649361924e-01
-1.30933666758098410376e+00
-7.94690355855936725327e-01
-3.51107880189833521101e-01
-3.26857148221961768542e-01
-8.15213971500949652338e-01
-5.66195635527852902946e-01
-1.60614837519019171275e+00
-6.43278149727918080458e-01
-3.06064007090820489054e-02
-6.40760553345061989461e-01
-8.69564521595159511946e-01
-1.36898144161468016122e+00
-7.08719814052401253512e-01
-1.49736329809693136106e+00
-1.24227756744741069106e+00
-9.22719139871481242032e-01
-1.74584668863584480114e+00
-7.33953465986936781640e-01
-1.77378815786327370674e+00
-2.21546577410855149992e-01
-7.42509697933691148464e-01
-2.29131376558809440880e-01
-1.72076157766549342476e+00
-1.11528538882070793470e+00
-1.47201295086350825159e+00
-3.97201273994850723170e-01
-1.90343982319003579562e+00
-1.77220727422541690643e-01
-3.14343000073772471659e-01
-1.14223842003802955603e+00
-2.30421253200490228075e-01
-9.68581081761564988142e-01
-4.11118320811926341030e-01
-1.54467316205003757368e+00
-1.56442970422464067148e+00
-1.75013113618498672430e+00
-5.43406846075489280423e-02
-1.62168133767846689430e+00
-4.51557756538849774941e-01
-3.94069411569613281543e-01
-1.60412974130024377217e+00
-1.04323418775733900432e+00
-5.00679650704697887242e-01
-2.09072546217404786617e-01
-1.67100794328593282856e+00
-1.88841528174920325611e+00
-6.90658897603014798605e-01
-1.56018465116010274230e+00
-1.15957179077639205289e+00
-1.83279405348968049694e+00
-1.31808813944354730197e+00
-1.62305663793303223130e+00
-2.28116524629253025758e-01
-1.76358511115309157802e+00
-7.83673605653884997047e-01
-5.79218248911670396950e-01
-1.41155958856019947412e+00
-1.03642300690738897728e+00
-1.50845138343502860323e+00
-4.14025885525481585070e-01
-1.27285211921221130815e+00
-1.84562740786446366492e+00
-2.97718385414748265561e-01
-6.69824545271694660187e-01
-1.72571966489177830439e+00
-2.79008134123665541004e-01
-1.93778222861251347986e+00
-8.37302443112568739458e-01
-4.12788530220138838445e-01
-1.41145692614121776032e+00
-1.64748202898103546232e+00
-1.80360998826148266616e+00
-3.50989327072593559897e-01
-1.04608207291808286143e+00
-1.69735915515567636902e+00
-1.37840880441434832093e+00
-1.10358014133582482685e-02
-9.09586374191905466802e-01
-4.71772905613472293140e-01
-8.56230062538248182236e-01
-7.37547111673364841344e-01
-8.14447968820913970056e-01
-8.93883269226482313208e-01
-2.17907148062997158000e-01
-5.39805141638354579747e-01
-1.37211979191910815601e+00
-3.83156409353364146853e-01
-1.15193464119114286071e+00
-6.92923752728265229806e-01
-1.80804479864019640445e+00
-3.21547862894757008334e-01
-7.18767020764257913434e-01
-8.12356920106286239935e-01
-1.46792351734214943093e+00
-3.34123990189670649897e-01
-1.87498037556424357319e+00
-1.66929025268169151097e+00
-7.74372546537324901728e-01
-1.18110804595839891107e-01
-1.87613095726192646850e+00
-5.65541853441919872836e-02
-4.05068906428622921290e-01
-9.61764045350072649398e-01
-6.35326213364392544669e-01
-1.19127195754243508929e+00
-1.46007751226600901440e+00
-6.61106470410721902553e-01
-3.53444649959065881895e-01
-1.36368305237378129036e+00
-6.67910877894549948053e-01
-1.62633483985458715537e+00
-1.89623511516052811743e+00
-8.05417590481476763919e-01
-7.47980487895435586232e-01
-7.81744639711050459674e-01
-1.42590536097203979260e+00
-1.87935401546142433205e+00
-9.92404051400698761221e-01
-1.53325098662026682028e+00
-6.43743582841195149946e-01
-1.93428640299602649932e+00
-1.39712903176668690186e+00
-4.22160079432384760523e-01
-1.51709600369713926149e-01
-1.30866763852146017477e+00
-1.87734016004201276218e+00
-3.17385542372695894642e-01
-5.29083638772407605089e-01
-1.51454882937960366718e+00
-2.42244589567136903163e-01
-8.86510586448368220758e-01
-1.88011788184921480038e+00
-1.88838998507985600384e+00
-8.05544789690557427875e-01
-4.18304515892888195694e-01
-1.13260152014909087903e+00
-1.73986937102374472630e+00
-1.54148804263083194499e+00
-1.47499619534292669698e+00
-2.13713084995955093781e-01
-6.78759827416079097873e-01
-1.39508414271644620719e-01
-8.29562534269061013781e-01
-8.65010722524278796719e-01
-1.81302303376071538565e+00
-1.61647376707318835010e+00
-1.56581351577727567737e+00
-4.71852158025008239228e-01
-1.44877039338432744842e+00
-1.22912168226234275181e+00
-6.12700514074670521403e-01
-1.69806146000411795072e+00
-3.02169056639622901628e-01
-6.75207338253410949136e-01
-1.84406175373511538318e+00
-7.64824128994970320328e-01
-2.59393601677758156576e-01
-1.56954692617585322978e-01
-1.84898022641264314636e-01
-1.85634214007488140830e-01
-7.93625865646202521830e-01
-1.31112530266425464376e+00
-1.62859540726408180689e-01
-6.31268000424048070229e-01
-3.09032581674002160277e-01
-3.41513742561122102259e-01
-1.16534619829825869530e+00
-1.20110135218055580353e-01
-6.36725802916391803166e-01
-1.50067126099802194972e+00
-1.82325227719301463658e+00
-1.81913544596965826017e+00
-1.01334733351685279956e+00
-1.45019314793631060034e+00
-1.61218312284373221921e-01
-7.93464907528477425558e-01
-7.27764204942562442646e-01
-4.33827662823078497034e-01
-4.84742243574018960572e-02
-5.77207199199997411654e-01
-1.35523165465100503546e+00
-3.10904008171900558821e-01
-1.88495910966762636463e+00
-1.53769307988165859769e+00
-5.49893810426350992948e-01
-1.72301791292989392446e+00
-7.88262559847660915224e-01
-3.47726980095451332353e-01
-9.15617478739409573762e-01
-6.66081616546253862943e-01
-1.53682648259236165345e-01
-3.06028689756112970421e-01
-7.21830471641695115004e-01
-3.20615977261049733826e-01
-1.14704643207070455801e+00
-1.37864043137067682210e+00
-4.33031253399314031149e-01
-1.88768797424796952455e+00
-4.99118595222641125986e-01
-1.49291709329750110768e+00
-1.29588874438049206361e+00
-8.78275385277032416553e-01
-4.20862078895028135506e-01
-1.28696357055319010598e+00
-1.87877109169814526801e+00
-1.66229629838306269818e+00
-4.76481544408866142248e-01
-1.28680154786393208255e+00
-1.37350396346839964679e+00
-1.06756617249965524152e+00
-9.04190267169298400596e-01
-9.19516909000122839579e-01
-5.64916980745385988172e-01
-1.05084270380581346060e+00
-5.25912962747769219263e-01
-1.82064553930047101638e+00
-1.75764398228625129406e+00
-1.32170411452679070763e+00
-7.01642249827761910197e-01
-2.78792436241440344524e-01
-1.78769505005013162879e+00
-1.67540525835592468695e+00
-1.05175585572676011381e+00
1.14931626947897602697e-01
-1.55474761678644401997e+00
-1.34765806510592422995e+00
-1.07549164495018656496e+00
-3.66776745727108499651e-01
-1.63553253849087854022e+00
-6.59714610746428342658e-01
-3.69677227187214296755e-01
-1.08307140701901483126e+00
-1.13580416374804249457e+00
1.93476510318276728739e-02
5.70584513127322390247e-02
-1.27699938629523579436e+00
-5.96822780431538801871e-01
-1.51650028500175837465e+00
-6.68230328355119418404e-01
-6.38923177575424716679e-01
-6.82217018055631618800e-01
-1.65761386316552572495e-01
-3.63350026330921282991e-01
-1.66271422728176965222e+00
-1.60040832691386381015e+00
-9.09292224424745887390e-01
-1.35331076314781073577e+00
-7.79859193779088966103e-01
-1.03937293183063195201e+00
1.63183093101361920141e-01
-1.52386990110244480157e+00
-7.64957546509910213395e-01
-4.96830948201018585131e-01
-2.03786754767540712052e-01
-7.50946136090576921163e-01
-2.63360205054776530531e-01
-2.31897438023555557685e-01
-7.65897383520288577152e-01
-1.25468453374135080480e+00
-3.62240198769804511159e-01
-5.67178682449605897631e-01
-1.97865865509459171179e-01
-6.14568953880436419368e-01
9.61055969974516921539e-02
-1.37385152913071317826e+00
-6.55111418198589645634e-01
-1.09647650286999720493e+00
-9.52119749376907464899e-01
-1.48540392627477269016e+00
-9.47633169306318579039e-01
1.30104889982921578806e-01
-2.06905640900448606345e-01
1.59759840440876543788e-01
-6.89872559105536131696e-01
-1.07715956507420895782e+00
-1.32252029828814787749e+00
-1.51880360156519911285e+00
-5.55524049173974798776e-01
-1.43531357960087757597e-01
-1.47364315006585533396e-01
2.36380579440125249135e-01
-1.54129138703190937676e+00
-1.05817271547760216599e+00
-1.25789647218590316946e-01
-8.37388936685637297330e-01
-6.73882233910791828002e-01
-9.35850448734469875234e-01
9.54033641951903543799e-02
-8.36477394487527670108e-01
1.09535180730194414700e-01
-8.32983833636623205443e-01
-1.06640747526482004837e+00
-1.01303416244018618109e-01
-8.54922296431952721818e-01
-4.77283181963779723489e-01
-1.04001759690606276898e+00
5.66160583501608138945e-02
-1.51238796544206843819e+00
-1.47284378959175343837e-01
-5.59363898120358027377e-01
-7.66799457860159128231e-01
-9.93709247048640831323e-02
2.49032115090171091154e-01
-1.68759392866015156542e-01
1.82727705180968369447e-02
-1.56722411608766520885e+00
-7.19514870190363975411e-01
-1.41352366940509011073e-01
-1.29441144613766567772e+00
-9.58339836374809239672e-01
9.08449838930887043631e-02
-5.16714288076988159659e-01
-1.29677702067631406280e+00
-4.32568130880570000940e-01
-2.92478949648597774669e-01
-1.51989854714760452836e+00
-1.07937807961168408255e+00
1.35700120737696217077e-01
1.16540958237685288168e-02
-2.76256756162479244487e-01
-9.73472588816968964487e-01
-1.99665275232565941899e-01
2.51310378589277960693e-01
-8.34192445748752953172e-01
-6.42779541733882853194e-01
-1.01956610174756434617e+00
2.99792693593946557584e-02
-6.66345720624674564547e-01
2.80169049062865771482e-01
-1.46016527424339215280e+00
1.68559537167157880155e-01
-6.36824066774774211197e-01
-1.40783886512063638463e+00
3.85084216302927218045e-01
-4.40010252182482242134e-01
-6.51137820128278477227e-01
3.52233990074026892536e-01
-1.27225721539321456888e+00
-1.23589104976758434873e+00
-1.05980355466453746160e+00
-6.13305799651317706811e-01
-6.13239312030059879888e-01
-1.06143483042324859866e+00
3.90557452121197856698e-01
1.41725812049994348563e-01
-1.05837146657374159275e+00
3.30784257295633432605e-01
-8.05237859469619676744e-02
4.15501717626843070086e-01
-6.40610973395692395727e-01
-5.49508459590028253139e-01
-4.68676936502952057317e-01
-1.21140619216526346236e+00
-1.45928034965188491157e+00
-8.71630666894029904057e-02
-1.40337919174437852909e+00
-1.44217916187062433764e+00
3.47229197501640052259e-01
6.82754442121259463860e-02
3.95820542291109855881e-02
-8.81846626179885850760e-01
-9.29329758603876010525e-01
-1.01656620135825459528e+00
-1.21834384897644198986e+00
6.67249894208012950259e-02
2.20201216467629468099e-01
-1.32304962609139531438e+00
-8.37263965490731232322e-01
-1.89218586151586043442e-02
3.28457931507426748041e-01
1.11759046671264794526e-01
-1.29432420197067132861e-01
-6.84648544236279299469e-02
-3.00155665783191971663e-01
2.42471104752193800103e-01
4.77137224943890880802e-01
-5.75286212856238154956e-01
-1.07706216803111820557e-01
-4.59631435269579280423e-01
-1.42429327046381781763e-01
-4.20576595617479620515e-01
-6.48906752685691201599e-01
-1.19385843773111233190e+00
-1.13871869863382446653e+00
-1.40262325565130252514e+00
-1.02427350739729283724e+00
-1.08090318366689164264e+00
-1.41758952108055313879e+00
-1.12834894684463149517e+00
-1.10735244892646578219e-01
-1.25108114055096275585e+00
-1.43874482256354130350e-01
-1.88725109822063974452e-01
-5.71157096074081493953e-01
-6.57823540660195660301e-02
-4.01524797332719729503e-01
-3.54161420323730546933e-01
-1.12439637629222421999e+00
-3.81610430328853500459e-01
-1.19234282037898919882e+00
-6.12012990808692425304e-01
-1.39986530894727434493e+00
-7.82064636280730640649e-01
-1.00360012716189439530e+00
1.95998421055504024046e-01
-1.11898211226131638618e-01
-1.14720306720726927807e+00
5.73636236665264087620e-01
-1.02820909704227303472e+00
-9.19151378162715415598e-01
-6.85397670891835120166e-01
-1.31673211667898293342e+00
1.47698508667177708098e-01
-1.30288128459946217497e+00
-8.60130457663232705912e-01
-1.11371911647420018809e+00
-1.13068410034505018036e-01
3.65147472771933545577e-01
1.92880352946646238532e-01
-8.78011212242325589372e-01
-7.17335042518945531498e-01
-9.00644035811771548339e-01
1.36616546709723007957e-01
2.97075547432405495663e-02
-5.88072402378922998167e-01
6.33265270341362818129e-01
2.10381468019190109864e-02
-2.50955913860706480989e-01
-4.69640652889100895795e-01
6.41570849909615326112e-01
-3.19286324513793240421e-01
-3.11717624193241837904e-01
-8.55770299290943059489e-01
-3.77857459798956352159e-01
2.97274707861498732608e-01
3.68876293543407451914e-01
-9.60696632596796717962e-01
-5.12726586956631313896e-01
-2.91466170223406484396e-01
5.88075111126720839749e-01
-6.88440774413253020469e-01
-1.82829882957287415124e-01
-1.28831533655935637217e-01
-9.60772654083282051651e-01
5.94676245191332331075e-01
-4.55987757727496556548e-01
-1.01622958137162910930e+00
-2.20878107644668530973e-01
-4.48667946703002806785e-01
2.45664702913548638197e-01
-4.11107826879447468826e-01
4.80770505522052471470e-01
-6.10591293139373436638e-01
-5.47148705195096951570e-01
-4.58664574679318315376e-01
-1.17108377777455396895e+00
-2.95294157115652766699e-01
3.20290517262283858102e-01
-7.00436110890656049577e-01
-8.74293845094473276447e-01
-8.41388682601934112526e-01
3.56102695411404157610e-01
1.62481169035480904617e-01
1.37132490912202503752e-01
1.90910066366818592654e-01
-1.93173281398741708559e-01
-9.79840346147627827555e-01
-9.14284484303481637113e-01
-3.90015859896127858875e-01
-9.75568681216189115268e-01
6.60745869471768498826e-01
5.75046075007276669133e-03
-7.78096321711906568908e-01
-7.39462270075619265697e-01
-2.94577008131512829703e-01
-9.93444399263819999391e-01
-1.30558392515547155854e-01
-1.15595549082084247949e+00
-3.76749662529072326667e-01
4.86819900042445019572e-01
-7.63915166236353915252e-01
-6.59544886255088891325e-01
-3.27731390778938314057e-01
-5.28069490622875337138e-01
7.30962232599419170498e-01
-2.09220196236907629572e-01
-1.07360974828037702977e+00
4.87393231489827938319e-01
3.54340881491961356975e-01
2.50502051699843408805e-01
-7.03272332837053704147e-01
3.75000991463835697814e-01
5.91327315273760922842e-01
-6.79947186975449868740e-01
5.32987157955847612456e-01
-7.73086674060799311503e-02
-2.96589040928082581239e-01
-9.32623021741069591073e-01
-8.15499584228477680803e-01
8.80575306758450637723e-01
3.88606930461886324046e-01
1.06006354872201308259e-01
-3.69264166275293903574e-01
-7.28870654461290734538e-01
-3.06121043693785288564e-01
-9.80839511359824056669e-01
6.72834305098441887161e-01
3.51072471668890717655e-01
6.55961119758147082059e-01
-1.01439082223266274774e+00
-3.40296122000057543744e-01
-9.31660531511413925188e-01
8.77317232118143164321e-01
2.54107445150029087610e-01
-4.57108046155149438938e-01
-2.69155127226556489806e-01
-7.79205325510750501650e-01
-6.33249355091211940660e-01
5.75059234934293006525e-01
5.43478552815551130273e-01
6.78805079881223738525e-01
-4.14912878347151681258e-01
-9.51218040448210011562e-01
-2.65047903771453430277e-02
-1.14714200167478477810e-01
-3.12991916341504236576e-02
4.46976768907423119281e-02
